19017: 320.9248, 620.4917, 466.6606
19021: 318.9994, 620.2913, 467.6914
19022: 319.6880, 619.2706, 466.7163
19023: 320.2024, 618.9199, 466.5110
19024: 319.3070, 619.6280, 467.8123
19027: 319.6018, 619.5747, 466.9615
19028: 320.1331, 619.7145, 468.0092
19031: 319.7268, 618.3147, 468.6093
19034: 319.5927, 613.9487, 466.3396
19035: 318.9332, 617.1673, 468.0338
19036: 318.9778, 615.1237, 466.4197
19037: 319.3521, 616.9306, 467.2185
19039: 318.4022, 618.7120, 469.6603
19040: 317.4302, 617.3926, 468.5382
19041: 319.0430, 615.5131, 466.4441
19042: 317.5926, 614.9684, 466.0013
19044: 319.3407, 617.8448, 468.4379
19046: 317.6354, 616.8291, 467.2412
19047: 318.9586, 615.1825, 466.1460
19048: 319.1882, 619.1225, 467.4539
19049: 318.7149, 617.1940, 465.9038
19050: 317.7518, 617.6921, 467.0916
19051: 317.1354, 617.9226, 467.7372
19052: 319.1005, 618.6134, 467.8538
19053: 318.7392, 617.9835, 466.8364
19054: 318.1686, 617.5900, 466.5384
19056: 316.4318, 613.9633, 463.8770
19060: 317.3221, 616.9198, 465.5533
19061: 317.0300, 615.5904, 464.1904
19071: 318.2544, 620.5230, 468.6324
19073: 319.5261, 616.8106, 464.9422
19075: 319.8324, 619.1596, 467.5054
19076: 320.4780, 618.6155, 466.2455
19077: 319.5773, 619.3545, 467.0093
19080: 320.4824, 619.3825, 466.9538
19083: 320.4418, 619.5069, 466.9671
19090: 326.7693, 620.7004, 467.5040
19092: 326.6597, 628.3013, 471.4300
19101: 331.5176, 629.9855, 467.5851
19102: 332.6919, 628.2033, 463.0993
19107: 335.4848, 634.0652, 461.5470
19113: 340.9037, 641.7117, 454.2159
19114: 341.8003, 642.5052, 450.7751
19116: 344.0876, 648.9527, 450.0145
19119: 347.0305, 652.1844, 444.1013
19121: 349.1199, 657.4697, 440.5626
19123: 352.1250, 660.0229, 436.2827
19125: 354.2915, 666.5490, 435.1561
19127: 358.5509, 669.7777, 430.6260
19128: 359.8669, 671.7739, 428.2617
19129: 361.2034, 673.8538, 424.8158
19131: 364.9818, 682.9472, 426.6497
19133: 368.3606, 685.6191, 422.3209
19136: 374.5134, 691.8877, 417.4582
19137: 377.2704, 691.4506, 413.9540
19138: 378.8113, 696.8194, 413.9654
19139: 381.4999, 701.2666, 414.4024
19140: 382.9300, 702.4201, 412.7612
19141: 387.1884, 704.9226, 411.7145
19142: 388.3698, 708.9283, 411.4665
19143: 391.6321, 707.6662, 408.3392
19144: 393.9340, 712.6523, 409.0280
19145: 395.2778, 713.4360, 406.8884
19146: 397.4515, 717.3014, 406.4220
19147: 400.5320, 719.0483, 404.7077
19148: 402.8954, 721.9630, 405.1660
19149: 404.9258, 723.4002, 402.4453
19151: 409.2133, 727.4820, 401.9574
19153: 413.4337, 730.6572, 399.7798
19155: 417.9151, 734.1030, 397.8178
19158: 423.9303, 738.6749, 391.9207
19160: 426.9431, 745.9504, 392.5964
19161: 428.5952, 748.2552, 390.1272
19163: 432.0506, 748.1329, 386.9296
19164: 433.9313, 752.0691, 386.3423
19166: 436.3942, 753.1745, 385.1050
19167: 437.8191, 757.0170, 383.9009
19169: 440.2271, 756.9239, 380.9060
19171: 444.3633, 759.4604, 378.4753
19172: 446.3073, 762.6920, 377.7650
19173: 447.6132, 762.1832, 377.3184
19174: 449.6320, 763.7278, 374.5965
19175: 449.0008, 765.3037, 374.1874
19176: 451.1230, 766.4744, 374.1525
19177: 451.7123, 765.3065, 372.1468
19179: 456.1394, 767.2167, 372.7053
19180: 456.7419, 767.8079, 371.9907
19181: 456.4699, 768.2120, 371.0060
19182: 457.8679, 771.0231, 371.6428
19183: 458.9585, 771.8459, 373.3678
19184: 460.3169, 768.3265, 368.9523
19185: 461.3900, 771.0354, 370.6577
19186: 462.7682, 771.8675, 370.5529
19187: 463.6381, 774.6420, 371.6717
19188: 464.7190, 771.8727, 370.3540
19189: 464.9379, 772.6249, 368.3109
19190: 465.9222, 773.4709, 369.4783
19191: 468.1648, 771.0846, 367.5931
19192: 467.2145, 772.8767, 368.9488
19193: 467.9887, 772.1469, 367.3617
19194: 468.3466, 772.9536, 367.7034
19196: 466.7377, 773.6344, 369.8107
19197: 470.0837, 772.4158, 366.9960
19198: 469.4605, 772.8578, 367.8334
19199: 468.9455, 771.1882, 365.9094
19201: 467.6455, 769.6493, 366.5351
19202: 467.6228, 769.8493, 365.9201
19203: 468.9427, 769.9405, 366.1676
19204: 468.8272, 769.2516, 366.0153
19205: 466.8649, 770.0493, 367.0549
19208: 464.0531, 766.8803, 366.5778
19209: 463.2288, 765.7544, 366.7723
19210: 461.8838, 765.6935, 367.3085
19211: 459.9239, 767.2454, 369.2603
19212: 459.1693, 765.4431, 369.0766
19214: 456.5929, 762.4975, 369.6680
19215: 456.5827, 759.2661, 368.1876
19216: 455.8555, 757.9341, 369.2027
19218: 449.7180, 758.8570, 373.6733
19219: 447.7060, 757.3453, 374.7401
19220: 446.3715, 755.4672, 372.7469
19221: 445.7609, 753.9941, 373.9250
19222: 443.9056, 751.1301, 375.0346
19223: 440.6153, 750.7306, 376.3351
19224: 440.1456, 748.8246, 375.2994
19227: 433.1187, 740.7556, 378.1902
19228: 430.1667, 740.2540, 380.5319
19230: 425.3861, 738.0358, 385.4730
19231: 421.6069, 736.5039, 383.8082
19232: 420.5908, 735.1910, 385.4461
19233: 417.5304, 736.4984, 389.4222
19234: 415.1201, 728.1568, 385.8722
19235: 411.3882, 727.3160, 388.7552
19239: 400.7511, 715.9932, 390.6826
19245: 381.2437, 697.7849, 394.4473
19247: 374.7939, 696.0156, 399.2486
19249: 367.1152, 694.3512, 403.9780
19251: 360.8545, 685.7726, 404.0243
19253: 353.7841, 682.4231, 408.0745
19254: 347.8880, 677.8445, 406.4172
19255: 347.0196, 674.9371, 407.7536
19256: 341.8601, 672.3063, 409.5429
19257: 338.6227, 671.3852, 413.0484
19258: 336.9415, 665.3919, 412.9137
19259: 333.5479, 662.6884, 413.9025
19260: 329.6185, 663.1495, 419.8089
19261: 328.3419, 656.9115, 418.9612
19262: 324.6374, 651.9670, 419.3322
19263: 323.3254, 652.6099, 424.5125
19264: 320.1205, 650.8868, 427.1187
19267: 313.0342, 640.4581, 433.0076
19269: 309.6727, 632.9669, 435.9256
19271: 303.9273, 629.8412, 441.2615
19272: 302.0209, 627.6456, 444.2895
19273: 301.0439, 626.9228, 447.0213
19274: 299.9494, 623.4705, 448.3395
19278: 291.8575, 613.2509, 455.5058
19279: 289.8218, 610.2462, 457.5255
19280: 288.7696, 611.0767, 459.2480
19281: 290.3433, 606.3438, 459.8394
19283: 285.3656, 605.4407, 465.5592
19285: 280.5706, 601.0289, 468.3730
19288: 275.5156, 600.1896, 473.8200
19290: 271.1679, 593.9000, 473.3038
19291: 270.5082, 594.7873, 475.5243
19292: 268.5853, 590.2815, 475.2308
19294: 266.1396, 590.0913, 478.0836
19295: 263.5184, 588.2328, 479.0295
19296: 261.7596, 584.9478, 477.9800
19298: 259.5656, 588.2708, 483.2995
19299: 258.5619, 582.6003, 480.7532
19300: 255.8513, 587.1448, 485.9065
19302: 253.1456, 584.0102, 488.8123
19307: 249.7591, 577.1698, 492.4219
19310: 248.7008, 577.9924, 501.2431
19313: 248.1702, 577.9449, 505.3543
19315: 247.1963, 571.7805, 507.3268
19319: 249.3773, 572.8349, 516.8715
19320: 250.2259, 571.4013, 515.2760
19329: 258.6098, 567.8043, 521.2638
19330: 257.3488, 571.5156, 523.2353
19335: 263.3003, 573.3016, 520.1660
19336: 264.8675, 574.5698, 519.2830
19341: 268.7051, 585.7387, 515.9256
19347: 277.6695, 601.6862, 505.7305
19348: 279.3106, 601.6034, 499.8835
19351: 286.2722, 607.8413, 492.7520
19353: 291.0024, 619.8775, 492.2045
19355: 295.7265, 626.7748, 487.4109
19356: 300.0972, 634.8433, 487.7006
19358: 305.3639, 634.8913, 479.0194
19360: 312.7363, 646.5425, 476.7333
19361: 316.2765, 649.1873, 473.3842
19364: 326.0048, 662.7669, 469.2857
19365: 329.6542, 665.8478, 465.0930
19366: 332.8991, 667.7023, 461.3065
19367: 336.4286, 675.1931, 460.9704
19369: 342.6884, 682.0861, 457.7927
19370: 347.8904, 682.1138, 451.9935
19371: 352.1697, 684.9578, 447.8499
19372: 353.7729, 689.9952, 448.2437
19373: 357.2375, 696.5758, 448.4817
19374: 360.9906, 699.2036, 444.7199
19376: 370.2644, 703.7769, 440.6311
19377: 372.8027, 706.5617, 436.7428
19380: 383.0303, 717.0445, 432.6120
19381: 386.7292, 718.0822, 430.0518
19382: 391.7643, 724.9191, 431.6897
19383: 393.9162, 729.0375, 430.5150
19385: 400.6109, 732.7834, 428.2088
19386: 403.8335, 733.9614, 423.9726
19392: 423.3987, 743.0470, 420.6795
19394: 428.9581, 748.4874, 422.0696
19395: 432.6986, 746.0826, 416.3376
19398: 441.3552, 751.1129, 417.9608
19402: 449.3788, 756.1284, 416.8973
19404: 453.9467, 756.9005, 416.6578
19408: 459.8809, 761.6290, 416.6161
19410: 462.6788, 762.2560, 415.1614
19415: 466.2700, 764.1945, 412.0775
19416: 467.5935, 763.7790, 410.8104
19417: 467.2953, 762.3283, 409.1895
19418: 468.1511, 763.1936, 409.1024
19421: 469.5253, 761.1057, 406.7874
19422: 469.1862, 762.3303, 406.2381
19424: 470.1296, 760.9564, 405.1154
19427: 469.3165, 760.8805, 401.3176
19429: 468.1856, 758.6446, 397.0097
19430: 469.1105, 757.5905, 394.0908
19431: 468.4129, 760.3716, 395.4913
19432: 466.3550, 761.7685, 396.7671
19433: 465.9178, 759.2222, 391.1306
19434: 463.4233, 761.9641, 392.7629
19435: 463.9603, 760.0223, 391.2383
19437: 463.1162, 755.8201, 386.2077
19438: 460.8738, 759.1904, 385.8748
19439: 461.0890, 758.8755, 385.3146
19443: 454.7724, 757.7064, 380.7252
19444: 454.6723, 759.3705, 379.8963
19447: 449.5392, 754.7877, 375.4376
19449: 446.1486, 755.0903, 377.3835
19451: 441.9301, 750.8886, 374.7775
19452: 440.5898, 751.7454, 374.1908
19453: 438.6883, 747.8821, 372.8224
19455: 435.0416, 746.5462, 372.1324
19457: 429.4536, 742.6352, 372.6833
19458: 427.9149, 741.1648, 372.3075
19459: 424.4170, 736.9684, 372.9101
19460: 422.9823, 733.8275, 371.9717
19461: 420.3659, 733.6586, 373.7182
19463: 413.7763, 727.1683, 373.7072
19464: 410.4093, 724.7596, 374.3210
19465: 408.2747, 722.4482, 374.4252
19466: 403.4282, 720.3785, 376.4122
19467: 401.3969, 717.6456, 376.3798
19469: 396.1476, 710.1633, 376.5768
19470: 391.7508, 706.2966, 376.3182
19471: 386.6650, 702.9085, 378.0198
19472: 384.6680, 699.2166, 377.1382
19474: 376.0103, 694.8627, 381.0320
19479: 359.1469, 677.1353, 383.0323
19481: 349.8457, 672.4082, 385.5149
19487: 327.5454, 650.3522, 393.2110
19488: 324.7876, 650.2722, 397.8701
19489: 321.4600, 645.4835, 398.9565
19490: 318.7405, 642.1973, 400.5531
19493: 307.8968, 633.3990, 408.5132
19495: 300.5033, 620.5334, 410.5933
19496: 300.1070, 623.3043, 417.4040
19497: 297.3617, 622.9076, 421.8105
19498: 295.9406, 617.1102, 423.1274
19499: 293.7259, 614.0708, 426.3804
19501: 289.0601, 608.2435, 434.1920
19503: 286.1701, 600.5081, 440.2583
19505: 280.8921, 598.9743, 448.8844
19507: 276.8511, 591.2057, 455.4846
19508: 275.8871, 583.5044, 456.8360
19509: 274.4140, 584.9863, 462.3147
19515: 265.1969, 577.0413, 490.4323
19516: 262.4779, 576.4745, 495.0874
19522: 257.3522, 571.5064, 522.7206
19527: 253.1020, 564.9183, 538.7088
19541: 245.8538, 582.1006, 561.5774
19550: 256.5502, 604.5098, 559.5388
19557: 270.3130, 627.9793, 550.6736
19558: 272.9081, 631.2277, 547.8739
19560: 276.4396, 636.0624, 544.3645
19562: 282.5912, 641.2719, 537.3911
19563: 284.8249, 647.7772, 537.9834
19565: 290.8272, 657.0261, 534.9571
19568: 298.0384, 663.4231, 524.6270
19569: 302.0943, 668.9908, 522.1437
19575: 317.2933, 689.6907, 506.5674
19576: 319.4964, 693.4743, 502.5749
19577: 322.6929, 695.5833, 500.8687
19579: 330.2661, 701.9062, 496.8262
19580: 333.9254, 705.3901, 494.7985
19581: 334.7722, 703.0015, 486.4355
19582: 339.8663, 709.5568, 488.2963
19583: 341.2150, 708.5567, 482.2996
19585: 347.7268, 719.9468, 484.2204
19586: 351.9061, 718.8387, 479.1540
19587: 354.4710, 723.4771, 477.9387
19589: 360.3741, 729.3982, 476.3382
19592: 369.3146, 732.4483, 468.6810
19593: 372.9382, 733.6917, 466.0835
19594: 375.2917, 739.3022, 466.5923
19595: 377.5014, 740.5247, 465.5541
19599: 389.0046, 745.2946, 458.4641
19600: 389.9268, 747.9860, 457.3499
19604: 402.3224, 753.7349, 453.8322
19605: 403.0411, 757.0066, 454.3200
19606: 404.9707, 755.1684, 450.3003
19608: 410.3023, 760.2348, 451.5599
19609: 412.3330, 762.2211, 450.0469
19611: 418.0336, 761.5156, 448.0871
19613: 421.2155, 762.2012, 446.4967
19618: 434.2137, 764.4191, 443.7579
19632: 458.2951, 760.5028, 434.7771
19644: 466.0219, 753.5341, 419.7673
19645: 468.0205, 751.2776, 417.0564
19649: 466.7725, 746.5094, 409.2541
19650: 466.4727, 747.0679, 407.5382
19653: 464.3270, 741.9315, 402.6248
19654: 464.4519, 740.5445, 400.0543
19655: 462.5434, 737.0766, 396.3689
19656: 461.4690, 735.7437, 394.1973
19658: 459.3810, 730.3639, 391.2559
19660: 457.1049, 722.9974, 386.2637
19661: 456.1999, 726.6921, 388.3080
19662: 453.0958, 722.9151, 384.8942
19663: 453.8390, 719.1772, 381.2556
19664: 452.9835, 717.2857, 381.4140
19667: 448.0812, 709.1329, 377.2297
19668: 446.0212, 708.0093, 375.8928
19669: 446.9123, 704.0239, 374.2333
19670: 443.8912, 701.5271, 372.6668
19671: 441.6887, 700.0946, 373.9837
19672: 440.5189, 697.9818, 372.2519
19675: 435.8327, 685.8121, 366.9353
19676: 434.7741, 685.5559, 367.7178
19677: 430.7480, 682.3576, 366.3454
19679: 428.1179, 677.2495, 364.5741
19681: 424.0134, 668.7805, 362.5274
19682: 421.3204, 667.6508, 360.7244
19683: 418.2637, 667.8494, 362.1676
19684: 417.7806, 663.2628, 360.6665
19685: 415.3784, 659.8317, 360.5667
19688: 408.5468, 650.3811, 359.7501
19689: 407.0920, 648.8402, 359.1656
19693: 397.9519, 636.2010, 358.5736
19694: 395.7746, 633.0293, 357.6974
19696: 392.0384, 625.6962, 356.7183
19698: 386.8393, 620.5252, 358.2728
19699: 384.7514, 617.9587, 359.2186
19700: 385.2335, 612.8094, 358.8434
19701: 380.0722, 608.4516, 356.8960
19702: 377.9953, 607.8518, 359.0190
19704: 374.5271, 601.0705, 359.7726
19705: 371.6250, 598.0794, 358.8845
19706: 368.4042, 595.0568, 359.6956
19708: 366.7424, 591.3845, 361.4633
19709: 363.5751, 587.0596, 361.8674
19716: 347.2182, 567.4977, 365.5551
19718: 344.2685, 556.2830, 362.0440
19720: 337.8945, 560.1121, 370.0304
19723: 333.7872, 546.0628, 369.0792
19724: 331.5321, 548.0944, 373.1569
19727: 325.6119, 539.1716, 374.6771
19730: 320.1281, 528.9843, 376.5826
19734: 311.3452, 523.7483, 386.7091
19735: 310.2138, 519.6454, 387.2762
19736: 307.8555, 517.6864, 388.7807
19738: 304.7247, 513.8445, 394.1109
19740: 299.8770, 504.4751, 394.1225
19741: 299.0345, 505.4760, 398.8214
19742: 297.9644, 503.5661, 399.1535
19743: 296.1096, 502.1819, 401.3089
19744: 293.8296, 496.1694, 400.3019
19745: 293.7582, 498.1904, 407.1293
19746: 289.6444, 492.5308, 406.5626
19747: 289.5599, 490.8962, 407.8678
19748: 288.6967, 488.7263, 408.9971
19749: 285.4011, 487.0109, 410.4846
19750: 284.7768, 486.8760, 413.3998
19751: 283.0310, 482.9712, 414.4448
19752: 281.2102, 486.4271, 420.6735
19753: 278.0822, 475.7584, 415.9007
19755: 279.1636, 474.5415, 420.6527
19756: 275.0685, 473.9315, 422.0951
19758: 273.9881, 473.1036, 428.0274
19759: 271.4263, 470.2002, 429.0120
19761: 269.6040, 468.8366, 430.9649
19762: 267.8738, 466.6800, 431.8024
19764: 266.5588, 467.1857, 436.9102
19765: 265.4454, 464.1196, 437.4237
19766: 264.7769, 462.3957, 436.0561
19767: 262.8836, 460.7306, 436.8653
19768: 262.5903, 461.8533, 438.1291
19769: 262.0460, 460.1029, 437.5491
19770: 259.9004, 462.7970, 442.2200
19771: 259.5305, 460.9234, 442.7342
19772: 258.0689, 462.2590, 443.9951
19774: 256.4953, 461.1251, 445.5246
19776: 255.3213, 464.4013, 449.6043
19777: 255.4717, 463.3913, 448.6939
19778: 254.6361, 460.4674, 446.6631
19779: 254.3004, 464.2524, 449.1603
19780: 254.0304, 460.0120, 448.2040
19781: 254.5283, 461.7047, 448.8374
19782: 253.9612, 462.4928, 448.8395
19783: 255.5673, 460.3642, 446.8385
19784: 254.2370, 463.9872, 449.0840
19785: 255.0224, 464.3635, 449.2063
19786: 253.4632, 466.9481, 450.2290
19787: 253.9076, 464.8049, 448.1605
19788: 252.8956, 466.9551, 448.4921
19790: 254.3490, 467.2186, 448.7707
19791: 253.8979, 473.0569, 450.8665
19792: 255.5115, 474.8498, 451.0969
19794: 255.7198, 478.3945, 451.0207
19795: 257.5009, 478.4528, 448.5636
19796: 257.6264, 482.3716, 447.9330
19798: 259.9300, 485.8661, 447.4821
19799: 262.8185, 491.0936, 447.4920
19800: 261.4942, 492.7414, 447.7707
19801: 264.3930, 492.8764, 444.2439
19802: 267.1516, 496.8263, 444.9535
19803: 268.9354, 501.7646, 445.8288
19806: 274.8601, 512.3631, 445.3577
19807: 276.2333, 509.8605, 441.0394
19808: 279.8859, 517.9706, 442.3068
19810: 285.9359, 526.8868, 443.8391
19813: 292.5837, 534.3128, 440.1140
19814: 293.2675, 532.8106, 435.3890
19815: 299.5781, 545.5744, 440.2517
19816: 299.0333, 546.2557, 437.4734
19817: 304.4537, 553.9558, 439.6595
19818: 306.5189, 555.2672, 437.1893
19820: 311.2119, 564.2897, 435.9429
19822: 317.2653, 573.4401, 435.3438
19824: 323.2403, 579.1141, 433.1558
19825: 328.9086, 581.4364, 431.0489
19826: 332.5295, 583.7247, 427.1395
19827: 334.2208, 591.5989, 429.6190
19828: 336.9237, 593.3266, 426.7637
19829: 339.4700, 597.9689, 426.1740
19830: 344.3929, 603.7022, 426.4371
19831: 345.9964, 603.6269, 423.7688
19832: 349.6508, 608.5192, 423.9563
19833: 353.2328, 611.0034, 421.8870
19834: 355.8425, 617.4842, 422.5013
19835: 360.1660, 618.3829, 419.1142
19836: 363.5326, 624.9187, 419.8915
19837: 365.7530, 625.1338, 418.0303
19838: 369.8282, 625.7558, 414.0404
19839: 371.7171, 632.2555, 416.0612
19844: 386.7393, 642.8914, 411.8844
19848: 398.0021, 655.7616, 411.8078
19849: 399.0367, 657.4819, 407.9706
19853: 409.8967, 669.3982, 410.9282
19854: 412.4222, 671.5651, 409.6794
19856: 417.4057, 675.6365, 409.1521
19862: 429.9903, 689.5668, 407.9827
19865: 435.5325, 691.5581, 403.5252
19868: 439.5309, 696.7020, 400.6274
19871: 444.8152, 706.9808, 403.0144
19872: 445.1469, 708.5578, 400.5603
19876: 450.6499, 718.2148, 400.6970
19891: 479.1119, 742.0821, 394.5439
19892: 480.1310, 746.9041, 395.1167
19898: 491.3013, 753.3257, 395.0677
19902: 500.0357, 761.7174, 395.9076
19903: 502.8080, 761.1214, 394.9534
19910: 511.2233, 766.4160, 396.2095
19914: 515.0484, 768.8956, 397.5476
19917: 514.5491, 768.8352, 398.4026
19918: 514.5299, 769.3223, 397.8003
19922: 511.4097, 768.4058, 398.8248
19925: 507.8466, 762.8565, 399.7770
19930: 497.9053, 757.5450, 402.6247
19936: 481.0812, 741.8688, 404.1776
19943: 461.9496, 721.1250, 410.7942
19953: 425.1878, 689.2285, 416.9365
19956: 415.4406, 677.1387, 416.0726
19957: 411.8826, 675.3122, 418.2456
19966: 385.3000, 640.5112, 417.9230
19967: 382.6211, 637.5106, 420.9611
19968: 379.6410, 633.1263, 420.5896
19969: 377.7271, 631.3458, 420.7035
19974: 364.1981, 615.2043, 426.4068
19977: 357.5347, 606.1042, 429.1476
19978: 355.1889, 605.4109, 430.9275
19979: 355.2476, 603.9866, 432.8554
19981: 350.5099, 594.2678, 433.3564
19982: 349.6364, 588.6265, 430.5706
19991: 334.0285, 568.8099, 446.9875
19995: 327.0812, 556.8800, 450.5687
19997: 320.4960, 550.3878, 452.2766
19998: 321.4538, 549.6966, 451.4022
20000: 315.4042, 543.7580, 453.5288
20001: 313.2039, 535.8489, 449.6814
20004: 307.9730, 530.5913, 452.7121
20006: 302.9078, 527.4809, 454.1425
20007: 301.9186, 527.4928, 456.8151
20010: 294.7701, 513.2363, 452.2051
20012: 289.5617, 511.5161, 453.4327
20013: 288.9716, 514.9422, 456.5158
20018: 280.3687, 506.9447, 452.2243
20019: 278.3161, 503.8982, 450.8634
20021: 275.8234, 500.4660, 448.8997
20022: 274.2408, 499.5955, 448.1193
20023: 273.8143, 500.8252, 448.9883
20024: 273.3762, 497.6196, 445.3240
20026: 270.4384, 500.1276, 445.8734
20027: 269.9060, 504.4753, 446.7937
20028: 269.0214, 504.4581, 446.1867
20030: 268.3692, 504.2662, 444.0003
20033: 269.3512, 507.7123, 442.4532
20034: 268.9294, 512.2016, 441.0977
20036: 270.3138, 512.5930, 439.1682
20037: 270.5698, 516.1888, 437.7424
20038: 271.3247, 515.7592, 435.8435
20039: 272.7543, 516.6246, 434.7544
20040: 272.9137, 523.5854, 436.8194
20042: 275.3155, 527.4668, 435.2546
20044: 279.4647, 532.3459, 435.0622
20045: 281.1518, 537.4506, 435.2085
20047: 286.6889, 544.5433, 434.7777
20051: 293.7288, 560.2057, 436.7836
20053: 299.1208, 565.4075, 434.0492
20055: 303.3566, 571.9010, 434.1214
20057: 308.5337, 581.2521, 436.3261
20058: 312.5351, 584.2630, 435.4289
20059: 314.8981, 585.8590, 435.3540
20062: 322.8026, 598.0211, 439.3609
20063: 325.9726, 603.2905, 440.9694
20064: 329.1741, 604.1210, 439.3850
20068: 340.6943, 620.8219, 444.9654
20069: 343.3855, 622.3680, 444.7775
20070: 345.9674, 628.0497, 445.9171
20076: 360.9500, 645.7163, 449.9014
20079: 365.0714, 654.0397, 449.4223
20081: 369.3622, 663.1788, 451.9361
20082: 370.5988, 660.6218, 448.9550
20083: 374.1684, 664.5584, 447.8130
20087: 378.4062, 682.5562, 454.9220
20092: 383.5795, 691.7344, 451.8854
20094: 383.4886, 695.0458, 450.7212
20101: 389.4531, 706.5740, 447.7133
20102: 390.2056, 712.3792, 448.5450
20103: 392.1297, 713.4228, 447.9958
20104: 391.2289, 713.6837, 446.8602
20105: 392.2910, 715.3440, 447.0488
20106: 395.7348, 719.4820, 449.4480
20107: 395.9120, 718.8226, 447.4788
20108: 397.4166, 721.1029, 447.5792
20109: 397.5035, 724.1476, 447.4278
20110: 399.4185, 728.4181, 449.5607
20111: 401.7421, 728.4133, 449.4922
20112: 401.8200, 727.8496, 448.0883
20113: 404.2495, 727.4562, 446.5299
20114: 405.0280, 732.6546, 448.8625
20116: 407.7985, 733.6750, 448.4624
20117: 408.5954, 734.3488, 447.1507
20118: 411.0148, 734.5704, 446.9342
20119: 412.4725, 739.0456, 448.1698
20120: 413.7914, 740.0512, 447.5884
20122: 416.4480, 740.8750, 447.2192
20123: 419.7320, 745.3098, 447.5469
20124: 419.8475, 746.5120, 446.2545
20125: 422.9018, 743.6521, 444.0437
20126: 423.7787, 745.7649, 443.5723
20128: 426.9340, 751.0821, 445.6359
20129: 430.1112, 749.4059, 441.7959
20130: 429.9447, 752.3139, 443.2729
20136: 438.8647, 756.8177, 437.7117
20139: 444.5527, 755.2046, 432.8702
20140: 445.3399, 755.2193, 430.8058
20141: 446.8420, 754.7882, 429.3568
20142: 449.1185, 757.9735, 430.3786
20143: 451.0507, 755.8483, 427.7946
20144: 453.1403, 757.0130, 428.3960
20145: 455.5564, 755.8062, 425.9907
20146: 457.0451, 756.1544, 426.1956
20147: 458.4941, 753.6585, 423.3060
20151: 466.2965, 751.3127, 417.9467
20154: 470.6683, 748.3054, 414.3660
20158: 474.7821, 746.6665, 410.3115
20159: 477.2383, 744.7834, 407.0504
20163: 478.6548, 740.6913, 402.5275
20170: 481.6072, 733.8458, 392.4524
20175: 481.3170, 727.6312, 388.4928
20180: 478.7338, 718.3762, 382.9393
20181: 479.7364, 717.2612, 382.9997
20183: 477.8893, 711.6013, 380.8602
20187: 473.5489, 704.1260, 379.2118
20191: 467.9508, 691.7866, 378.2583
20195: 461.1944, 682.6414, 379.2705
20206: 439.4773, 655.5374, 382.2626
20208: 435.3689, 652.2711, 383.6352
20210: 431.7888, 646.6609, 381.0223
20212: 426.1528, 641.1993, 381.0809
20216: 417.8012, 633.8874, 382.8405
20218: 412.6655, 631.5721, 383.2221
20219: 411.0384, 628.8104, 384.0383
20221: 407.9942, 625.4213, 383.7694
20223: 403.6910, 622.5927, 385.7357
20227: 397.6993, 612.0809, 384.8826
20228: 393.6889, 611.1699, 386.9604
20229: 394.4620, 609.4712, 386.3347
20233: 388.8750, 605.8943, 392.9434
20235: 384.4297, 601.2373, 392.7920
20239: 380.6986, 593.6609, 393.6937
20242: 377.8760, 589.1810, 396.8957
20248: 370.9470, 582.2503, 400.4489
20255: 362.5736, 581.9964, 408.4600
20256: 361.8230, 580.2423, 408.0228
20258: 359.0920, 576.9024, 406.8746
20262: 356.7575, 574.3902, 410.1351
20265: 350.8236, 568.5235, 405.3638
20267: 349.7995, 565.7819, 406.2384
20273: 341.8063, 564.8426, 412.1013
20274: 342.4684, 566.1171, 410.4740
20276: 341.5167, 571.3933, 419.8054
20285: 334.9259, 567.3340, 426.0990
20287: 334.9221, 572.0923, 432.1749
20291: 333.4373, 570.9599, 436.5970
20292: 333.5282, 571.0983, 436.0651
20305: 335.8464, 581.0699, 448.6492
20308: 337.7791, 583.2787, 448.0099
20309: 338.9798, 582.4848, 445.8288
20311: 341.6284, 591.3895, 450.2845
20315: 344.3950, 598.3643, 450.9265
20316: 344.0031, 600.1496, 448.1685
20317: 346.2850, 601.7307, 448.1603
20321: 351.6160, 610.7442, 448.2959
20322: 354.3100, 612.8285, 446.2003
20323: 356.1859, 618.7639, 446.8267
20324: 356.5325, 618.8208, 445.3256
20327: 360.2702, 622.9609, 439.3360
20329: 366.1470, 630.6130, 441.7202
20330: 367.8917, 639.8232, 444.1011
20331: 368.5915, 640.3830, 441.1390
20336: 380.2165, 657.5008, 438.8685
20337: 380.8357, 657.3600, 436.2969
20338: 383.6191, 661.7762, 435.5646
20341: 391.4827, 667.5629, 431.6414
20342: 392.6409, 674.5187, 432.0375
20343: 394.5812, 676.3982, 431.0860
20344: 396.6182, 677.8937, 429.1428
20345: 399.9321, 684.1765, 431.7635
20348: 406.5315, 692.4358, 429.3781
20350: 410.7575, 696.4358, 426.4886
20351: 413.5071, 698.8202, 426.2547
20352: 415.1313, 701.5153, 425.0331
20356: 423.1032, 709.7168, 422.5476
20361: 432.9022, 720.5405, 420.8886
20363: 438.4351, 717.7067, 415.6343
20365: 443.0973, 725.7332, 420.0581
20367: 444.7006, 725.8379, 418.2247
20370: 450.2163, 731.4941, 419.8322
20373: 453.4478, 729.5722, 414.7624
20376: 456.1465, 729.9305, 412.5612
20380: 458.6123, 733.4717, 411.5851
20381: 457.8993, 733.3371, 410.5018
20382: 459.3836, 733.4789, 410.2358
20383: 458.7214, 734.2005, 410.9429
20384: 460.5329, 730.0897, 404.9933
20385: 458.2198, 731.5341, 406.6676
20386: 457.6433, 732.1657, 407.0834
20387: 457.5479, 732.0471, 407.3558
20390: 457.4794, 730.1401, 404.2272
20397: 452.0686, 723.6231, 397.4718
20401: 449.4189, 720.4924, 396.0035
20405: 446.9018, 713.3216, 393.2760
20410: 442.4423, 701.9912, 388.5525
20415: 435.1115, 696.7920, 388.2956
20419: 431.6137, 688.0827, 385.2327
20423: 426.1287, 683.8987, 383.7845
20424: 425.9252, 680.5337, 381.3666
20427: 421.5852, 674.8009, 380.1955
20429: 419.4582, 668.6145, 376.2338
20430: 416.4503, 669.2571, 376.5411
20433: 412.2075, 661.8652, 373.0331
20434: 412.0832, 661.5757, 371.8405
20435: 411.2017, 658.5376, 369.2384
20436: 409.4532, 660.0464, 370.8844
20439: 404.6407, 652.6431, 369.7636
20440: 402.6677, 651.8992, 369.7391
20441: 403.2803, 648.9250, 367.7535
20442: 401.9283, 647.0267, 367.6981
20444: 397.7991, 646.8029, 370.5536
20448: 393.5195, 638.0116, 370.2372
20451: 388.8122, 632.9255, 370.9530
20452: 388.9585, 632.5483, 371.3865
20453: 386.5189, 632.3580, 373.5419
20454: 386.6791, 628.8187, 372.3199
20457: 380.0885, 623.2175, 375.4308
20466: 368.5289, 602.2928, 379.3700
20474: 356.3298, 585.6461, 384.0296
20478: 349.2070, 575.4324, 384.4513
20483: 342.2907, 566.0114, 388.2455
20484: 340.1562, 562.4878, 388.5812
20490: 330.2592, 549.1328, 387.7858
20491: 327.8201, 548.7538, 389.3258
20495: 320.3618, 541.0399, 390.4515
20496: 317.3693, 540.3617, 390.4041
20497: 316.9643, 537.7211, 390.1849
20499: 314.6888, 535.0000, 393.0100
20501: 312.2832, 529.1527, 392.1443
20502: 309.6180, 527.1185, 389.2185
20505: 308.6527, 525.9736, 397.2894
20506: 306.7701, 525.7918, 399.5817
20509: 304.8493, 516.0477, 398.5176
20512: 301.3709, 512.8064, 400.9156
20513: 305.5276, 510.8554, 400.7973
20515: 303.1628, 515.6368, 409.4311
20516: 303.9611, 516.1460, 409.3025
20517: 302.3787, 511.9561, 409.1426
20518: 303.5502, 509.1651, 409.8887
20519: 303.2965, 509.0331, 410.8160
20520: 302.5868, 510.9157, 412.0601
20524: 305.1756, 504.1943, 414.1136
20525: 307.5570, 505.4181, 412.6411
20526: 305.6929, 501.0448, 411.4321
20527: 306.6159, 503.3321, 412.1363
20528: 306.6542, 503.2215, 412.4817
20529: 308.2887, 504.9014, 412.3084
20530: 307.4467, 502.9900, 411.9601
20531: 307.4625, 504.0364, 410.4231
20533: 309.7288, 510.1667, 413.8066
20535: 309.5499, 510.1666, 412.7918
20536: 311.8236, 507.2096, 406.9734
20537: 311.4955, 513.0923, 409.3076
20539: 313.4765, 512.3171, 405.4581
20540: 313.4192, 513.1281, 403.6929
20542: 315.8177, 515.3283, 400.8996
20544: 319.1133, 519.5886, 398.6079
20545: 318.7704, 525.9160, 399.6065
20547: 321.5023, 529.5601, 398.0371
20550: 325.1591, 531.6310, 390.1629
20551: 328.5212, 536.0034, 389.6198
20555: 334.0830, 541.4726, 384.2100
20556: 335.3222, 550.6488, 386.3180
20557: 336.6074, 547.8597, 383.7107
20560: 344.7662, 555.9567, 383.3681
20561: 345.3848, 557.2167, 380.7498
20571: 364.2275, 583.2957, 386.0349
20573: 367.8511, 587.3247, 387.8911
20581: 379.4335, 600.2227, 388.3723
20584: 383.5751, 604.8343, 389.0887
20587: 386.0345, 610.6033, 391.2626
20594: 392.5654, 620.1711, 394.9156
20597: 397.0077, 614.9378, 389.7207
20598: 395.7845, 625.8230, 397.5149
20601: 399.9559, 624.3039, 394.6157
20602: 399.5068, 625.2166, 394.5832
20603: 400.4176, 626.4283, 396.2505
20604: 400.7021, 630.3539, 398.1984
20607: 402.8322, 628.4002, 395.9657
20608: 402.7012, 631.3200, 397.1804
20609: 405.3638, 628.6521, 392.7548
20611: 404.1110, 631.0200, 395.2962
20613: 406.1576, 631.5771, 395.8377
20615: 407.8726, 632.0987, 392.8832
20616: 407.7876, 635.4461, 394.9745
20617: 406.3257, 632.4091, 391.5559
20620: 406.9580, 632.6913, 390.6441
20627: 404.8834, 636.0378, 389.6942
20631: 403.4071, 633.4572, 384.7990
20632: 403.1201, 632.4393, 383.4117
20642: 394.2057, 629.0202, 384.6305
20643: 392.1828, 623.2740, 380.2757
20647: 388.5004, 624.6173, 386.5839
20649: 386.0215, 620.7652, 386.9935
20651: 382.9157, 615.0735, 385.4131
20652: 382.4331, 618.7278, 389.0644
20655: 379.4325, 611.5565, 391.6513
20656: 381.0133, 613.1642, 393.8306
20657: 378.2537, 610.9117, 394.0142
20658: 377.7170, 611.8993, 396.4909
20659: 377.9386, 607.7563, 395.4476
20660: 374.9899, 608.5026, 397.8124
20662: 373.0708, 603.2969, 397.9173
20663: 374.6794, 601.6664, 397.2127
20664: 371.8709, 601.3017, 400.2389
20666: 369.5445, 599.1248, 401.6346
20668: 369.1294, 598.5355, 404.5243
20669: 370.0533, 596.4397, 403.8638
20670: 368.1409, 598.7234, 406.0286
20671: 368.3050, 598.2908, 405.6989
20674: 366.2857, 598.2839, 409.7492
20675: 365.5170, 597.9639, 408.7308
20676: 365.4459, 595.8500, 407.3784
20677: 365.2036, 595.0880, 408.4000
20678: 363.3138, 598.2845, 409.9935
20679: 365.3933, 595.6485, 408.3534
20680: 364.5504, 598.1646, 409.3553
20681: 364.3575, 594.1602, 406.2287
20682: 363.7814, 593.4547, 405.9582
20683: 364.4636, 597.0369, 408.8752
20685: 364.7364, 593.6758, 404.9643
20686: 365.8553, 591.8401, 402.2325
20687: 364.3179, 593.6499, 403.7322
20688: 364.6264, 593.1061, 401.4123
20689: 365.0707, 596.4966, 402.5347
20692: 366.4780, 597.5399, 404.3207
20693: 366.5088, 598.3378, 403.5360
20694: 367.7087, 598.6828, 401.6963
20695: 368.5902, 600.9089, 402.0540
20696: 368.8573, 602.2999, 403.0274
20697: 369.1535, 602.5215, 402.5998
20698: 371.3626, 599.2144, 399.4939
20699: 369.8849, 600.4405, 399.4810
20700: 370.1195, 600.6813, 398.8976
20701: 372.8708, 601.3419, 397.4392
20702: 372.4014, 600.3300, 396.9988
